0 0.22113296409058414 0.8290441176470589 0.16830065359477125 0.23039215686274508
0 0.20234211441738154 0.41482843137254904 0.12745098039215685 0.22058823529411764
0 0.2824074738945057 0.4944852941176471 0.12418300653594772 0.19852941176470587
0 0.4302832908879698 0.5484068627450981 0.1650326797385621 0.21323529411764705
0 0.5699891732409109 0.5386029411764706 0.15359477124183007 0.1642156862745098
0 0.7007081274892769 0.4834558823529412 0.12418300653594772 0.16176470588235295
0 0.3698257745481005 0.3327205882352941 0.11274509803921569 0.14950980392156862
0 0.5119826372931985 0.35110294117647056 0.1650326797385621 0.22549019607843138
0 0.44580616670496326 0.16973039215686275 0.19934640522875818 0.16666666666666666
0 0.7742375392539829 0.3118872549019608 0.16993464052287582 0.27941176470588236
0 0.6059368856592116 0.2555147058823529 0.1503267973856209 0.19607843137254902
