0 0.1497396469116211 0.634133611691023 0.15625 0.2776617954070981
0 0.2817708969116211 0.6884133611691023 0.2390625 0.2609603340292276
0 0.4919271469116211 0.6790187891440501 0.23125 0.3089770354906054
0 0.7059896469116211 0.69258872651357 0.2 0.26931106471816285
0 0.1934896469116211 0.4660751565762004 0.15 0.162839248434238
0 0.3098958969116211 0.4890396659707724 0.2140625 0.25052192066805845
0 0.4028646469116211 0.42745302713987476 0.053125 0.1022964509394572
0 0.531770896911621 0.41701461377870563 0.2265625 0.23173277661795408
0 0.7052083969116211 0.424321503131524 0.2140625 0.2546972860125261
0 0.8450521469116211 0.574634655532359 0.171875 0.30062630480167013
0 0.3192708969116211 0.26148225469728603 0.2046875 0.20876826722338204
0 0.5130208969116211 0.20198329853862212 0.2578125 0.1941544885177453
0 0.6911458969116211 0.23643006263048016 0.1671875 0.12943632567849686
