0 0.030208396911621093 0.32198660714285715 0.0546875 0.3125
0 0.1083333969116211 0.27511160714285715 0.1828125 0.32589285714285715
0 0.2770833969116211 0.27622767857142855 0.2171875 0.28794642857142855
0 0.4919271469116211 0.28292410714285715 0.234375 0.30580357142857145
0 0.6817708969116211 0.3443080357142857 0.2171875 0.3080357142857143
0 0.7411458969116211 0.4536830357142857 0.2203125 0.2767857142857143
0 0.906770896911621 0.5731026785714286 0.1828125 0.31026785714285715
0 0.034895896911621094 0.09430803571428571 0.0671875 0.11160714285714286
0 0.1505208969116211 0.08761160714285714 0.1515625 0.10714285714285714
0 0.3645833969116211 0.12667410714285715 0.1921875 0.14955357142857142
0 0.605989646911621 0.12779017857142858 0.18125 0.16071428571428573
0 0.7723958969116211 0.17131696428571427 0.1234375 0.140625
0 0.8395833969116211 0.25279017857142855 0.1984375 0.20535714285714285
0 0.9020833969116211 0.32421875 0.1984375 0.21875
