0 0.018489646911621093 0.7432885906040269 0.0375 0.27740492170022374
0 0.1645833969116211 0.7869127516778524 0.2734375 0.2975391498881432
0 0.4427083969116211 0.7544742729306487 0.3046875 0.3534675615212528
0 0.6981771469116211 0.7656599552572707 0.31875 0.34451901565995524
0 0.922395896911621 0.7802013422818792 0.1546875 0.3243847874720358
0 0.0997396469116211 0.37527964205816555 0.190625 0.4317673378076063
0 0.2739583969116211 0.5341163310961968 0.2171875 0.3422818791946309
0 0.500520896911621 0.43456375838926176 0.2234375 0.37583892617449666
0 0.7559896469116211 0.37416107382550334 0.3 0.4608501118568233
0 0.9294271469116211 0.430089485458613 0.140625 0.3713646532438479
0 0.034895896911621094 0.10570469798657718 0.0671875 0.21476510067114093
0 0.2028646469116211 0.11129753914988814 0.259375 0.21700223713646533
0 0.3864583969116211 0.19630872483221476 0.2046875 0.39149888143176736
0 0.6770833969116211 0.15156599552572708 0.3796875 0.2975391498881432
0 0.9270833969116211 0.11577181208053691 0.1453125 0.23937360178970918
