0 0.571369737681776 0.8152777777777778 0.15841584158415842 0.12962962962962962
0 0.5181519158995977 0.7689814814814815 0.13613861386138615 0.08518518518518518
0 0.7050331040184097 0.7773148148148148 0.14356435643564355 0.10925925925925926
0 0.49092419312732055 0.6976851851851852 0.12128712871287128 0.09814814814814815
0 0.6283004307510829 0.6819444444444445 0.13861386138613863 0.07777777777777778
0 0.8065182525332611 0.6810185185185185 0.13861386138613863 0.11296296296296296
0 0.9104786485728651 0.6560185185185186 0.1485148514851485 0.11851851851851852
0 0.41914201490949876 0.6680555555555555 0.1806930693069307 0.09074074074074075
0 0.44389449015702354 0.5708333333333333 0.16584158415841585 0.1
0 0.6431519158995977 0.5893518518518519 0.21287128712871287 0.10740740740740741
0 0.7731024109491027 0.5263888888888889 0.1905940594059406 0.14074074074074075
0 0.11344894560256807 0.5458333333333333 0.15346534653465346 0.10555555555555556
0 0.2161717178797958 0.5708333333333333 0.13613861386138615 0.1111111111111111
0 0.19265686639464727 0.4587962962962963 0.21287128712871287 0.08703703703703704
0 0.3114687475827661 0.5226851851851851 0.13366336633663367 0.08888888888888889
0 0.4339935000580136 0.48194444444444445 0.1311881188118812 0.07777777777777778
0 0.5886964703550434 0.449537037037037 0.14356435643564355 0.11296296296296296
0 0.6815182525332611 0.45787037037037037 0.10148514851485149 0.09259259259259259
0 0.7594885495629641 0.43287037037037035 0.13366336633663367 0.07222222222222222
0 0.12706280698870667 0.3819444444444444 0.1806930693069307 0.1111111111111111
0 0.3139439951075186 0.40879629629629627 0.13861386138613863 0.10185185185185185
0 0.4389439951075186 0.3763888888888889 0.1806930693069307 0.08518518518518518
0 0.14934003471147897 0.23472222222222222 0.1707920792079208 0.13518518518518519
0 0.2731024109491027 0.28935185185185186 0.13613861386138615 0.09259259259259259
0 0.4760727079788057 0.3236111111111111 0.15099009900990099 0.07962962962962963
0 0.34735983669167697 0.21435185185185185 0.12623762376237624 0.10555555555555556
0 0.49711231193920175 0.20879629629629629 0.1485148514851485 0.10185185185185185
0 0.24463706441444927 0.15046296296296297 0.13861386138613863 0.10740740740740741
0 0.32260736144415225 0.10231481481481482 0.09158415841584158 0.07037037037037037
0 0.4240925099590037 0.14027777777777778 0.10148514851485149 0.08333333333333333
