0 0.1489583969116211 0.7712527964205816 0.0703125 0.09619686800894854
0 0.4302083969116211 0.6717002237136466 0.0515625 0.08053691275167785
0 0.4442708969116211 0.7321029082774049 0.0359375 0.049217002237136466
0 0.5997396469116211 0.5945190156599552 0.025 0.06487695749440715
0 0.7567708969116211 0.517337807606264 0.0203125 0.053691275167785234
0 0.8630208969116211 0.522930648769575 0.0234375 0.05592841163310962
0 0.9138021469116211 0.5083892617449665 0.025 0.053691275167785234
0 0.6638021469116211 0.12583892617449666 0.053125 0.06263982102908278
0 0.5856771469116211 0.21308724832214765 0.021875 0.049217002237136466
0 0.3911458969116211 0.1616331096196868 0.0234375 0.058165548098434
0 0.1450521469116211 0.5945190156599552 0.028125 0.042505592841163314
