0 0.8567708969116211 0.7623042505592841 0.0515625 0.07829977628635347
0 0.5716146469116211 0.6638702460850112 0.040625 0.06935123042505593
0 0.5544271469116211 0.7376957494407159 0.0375 0.042505592841163314
0 0.4028646469116211 0.593400447427293 0.021875 0.040268456375838924
0 0.5052083969116211 0.6325503355704698 0.0203125 0.024608501118568233
0 0.3466146469116211 0.12360178970917227 0.053125 0.0447427293064877
0 0.4130208969116211 0.22427293064876958 0.0265625 0.03131991051454139
0 0.6005208969116211 0.1784116331096197 0.0359375 0.05145413870246085
0 0.2427083969116211 0.5151006711409396 0.0171875 0.040268456375838924
0 0.1348958969116211 0.5240492170022372 0.0234375 0.0447427293064877
0 0.09817714691162109 0.506152125279642 0.01875 0.026845637583892617
